58
1123
271
575
125
782
18
0
200
416
0
21
326
144
0
0
42
0
0
80
602
1033
1305
228
18
267
32
0
26
169
777
30
112
67
0
1313
739
157
312
54
242
82
1249
601
173
455
0
27
349
71
1381
68
94
533
1258
178
285
16
0
344
0
928
1337
11111
291
100
0
0
1536
386
36
500
67
14
0
236
54
0
425
194
33
178
210
407
71
154
249
143
1031
56
283
18
28
0
0
84
87
101
172
88
196
75
154
0
178
42
0
1837
174
375
820
20
83
12
0
0
98
67
14
296
33
148
214
247
70
14
0
60
196
0
0
115
0
315
0
70
0
2174
37
16
323
18
11
0
21
434
16
10
0
0
17
0
65
0
0
0
3986
36
1040
26
0
0
301
119
30
355
0
10
198
320
91
208
0
140
0
0
311
38
975
10
173
0
0
140
85
117
0
13
214
1943
107
0
71
0
169
0
299
36
107
295
11
0
0
0
10
267
432
103
28
0
17
34
0
0
56
0
74
533
0
92
917
0
0
14
10750
122
8619
0
0
15
313
46
0
57
15
73
159
0
274
247
17
0
0
100
4929
18
0
0
502
347
0
0
114
11
159
59
34
10
0
102
0
18
0
0
33
98
0
0
102
11
716
0
12
22
0
0
0
0
0
257
269
245
156
294
301
256
305
281
110
542
73
606
0
26
45
166
130
0
0
0
93
342
215
118
39
0
12
21
1832
425
13
0
0
18
70
0
20
0
0
19
0
37
0
114
81
0
177
168
160
191
0
0
187
222
0
0
207
35
858
106
47
0
178
42
106
50
24
166
0
0
1317
131
46
29
60
482
63
245
242
43
142
27
78
10
581
258
69
21
519
28
13
0
23
242
649
483
50
49
42
559
0
103
0
0
1108
0
0
159
0
0
0
0
0
50
155
0
0
96
51
71
67
0
138
0
37
156
18
66
145
107
123
0
27
150
17
57
40
12
237
0
0
279
0
1811
461
25
264
198
120
0
25
0
60
107
0
0
22
0
48
287
11
284
30
21
0
0
0
13
0
0
10
0
0
16
35
0
98
33
0
51
20
94
0
0
17
176
10
0
0
0
180
90
0
43
0
57
82
0
16
39
608
827
0
12
12
61
25
116
0
268
32
10
0
0
30
148
26
746
443
0
27
0
231
45
93
18
29
23
18
38
105
0
24
470
19
285
170
17
274
20
250
39
0
15
13
0
64
0
25
99
10
641
70
219
18
49
22
56
16
43
0
23
138
105
141
90
13
0
138
246
30
71
27
187
0
1096
86
532
0
64
10
10
50
11
53
61
72
14
27
103
0
148
70
10
364
0
61
13
0
124
29
11
0
32
11
0
115
46
0
76
19
25
116
208
0
0
13
1318
52
10
64
86
11
16
0
783
136
0
151
63
350
195
142
124
0
91
0
165
0
12
756
0
0
219
61
71
12
0
375
116
27
948
0
0
19
24
46
130
26
34
1979
405
281
0
646
36
217
0
11
0
1707
145
92
23
0
103
16
77
130
45
69
54
0
389
100
89
61
121
41
71
11
14
34
12
13
20
57
32
23
0
0
0
97
34
66
89
0
154
18
16
